# k[h/Mpc]  P(k)[(Mpc/h)^3]  (CAMB_nonlinear_halofit_reference)
1.000000000000000048e-04 4.306201710355327918e+02
1.024762693681054843e-04 4.408724436631127332e+02
1.050138578360451376e-04 4.513685231274795910e+02
1.076142838299049492e-04 4.621141851313452662e+02
1.102791033760909507e-04 4.731153415032688372e+02
1.130099110324144673e-04 4.843780431838657705e+02
1.158083408422333976e-04 4.959084839103904301e+02
1.186760673122208066e-04 5.077130068030259622e+02
1.216148064143455560e-04 5.197981062612582264e+02
1.246263166126647653e-04 5.321704298231836674e+02
1.277123999155423454e-04 5.448367800301504076e+02
1.308749029539232553e-04 5.578041027059304042e+02
1.341157180863090286e-04 5.710794963032428768e+02
1.374367845310949855e-04 5.846702243270860890e+02
1.408400895269476365e-04 5.985837199524714833e+02
1.443276695219157752e-04 6.128275981924833786e+02
1.479016113919874717e-04 6.274096576524834745e+02
1.515640536898216326e-04 6.423378793119646843e+02
1.553171879244016299e-04 6.576204301355138568e+02
1.591632598723763923e-04 6.732656605805270829e+02
1.631045709218741644e-04 6.892821100155102840e+02
1.671434794495923820e-04 7.056785160267794481e+02
1.712824022319883353e-04 7.224638185828561063e+02
1.755238158914142644e-04 7.396471565125104917e+02
1.798702583780631913e-04 7.572378724587025545e+02
1.843243304886113369e-04 7.752455241969248618e+02
1.888886974224663067e-04 7.936798895615524998e+02
1.935660903765522940e-04 8.125509685116983292e+02
1.983593081795862096e-04 8.318689878651655363e+02
2.032712189668232287e-04 8.516444090234814439e+02
2.083047618962733153e-04 8.718879329127106530e+02
2.134629489074157613e-04 8.926104937532604708e+02
2.187488665234647172e-04 9.138232614942330656e+02
2.241656776982631953e-04 9.355376590441560438e+02
2.297166237089113216e-04 9.577653683270619922e+02
2.354050260952612601e-04 9.805183295725947801e+02
2.412342886474388786e-04 1.003808744306356743e+03
2.472078994425825813e-04 1.027649088419386089e+03
2.533294329320161914e-04 1.052052118362308875e+03
2.596025520801070524e-04 1.077030863560613170e+03
2.660310105560867813e-04 1.102598623891714624e+03
2.726186549801485931e-04 1.128768993257412831e+03
2.793694272251631390e-04 1.155555867323191706e+03
2.862873667753916117e-04 1.182973445491437815e+03
2.933766131436064484e-04 1.211036233552391195e+03
3.006414083480667696e-04 1.239759056383406005e+03
3.080860994508308756e-04 1.269157065040062889e+03
3.157151411589227620e-04 1.299245716575522465e+03
3.235330984899121155e-04 1.330040750109130158e+03
3.315446495035003220e-04 1.361558236914404688e+03
3.397545881007481131e-04 1.393814593087726735e+03
3.481678268926199438e-04 1.426826584337537952e+03
3.567894001395603091e-04 1.460611329998714609e+03
3.656244667638635574e-04 1.495186313308473927e+03
3.746783134366361086e-04 1.530569388895333759e+03
3.839563577412017010e-04 1.566778759547832806e+03
3.934641514148405714e-04 1.603832927270438176e+03
4.032073836708024214e-04 1.641750761808375273e+03
4.131918846025819762e-04 1.680551520290617418e+03
4.234236286724934865e-04 1.720254853617681874e+03
4.339087382866311507e-04 1.760880812455565547e+03
4.446534874583558386e-04 1.802449854945954939e+03
4.556643055624998292e-04 1.844982853881143456e+03
4.669477811825345666e-04 1.888501071571075499e+03
4.785106660530058509e-04 1.933026074874916731e+03
4.903598790995940086e-04 1.978579823461580645e+03
5.025025105792161077e-04 2.025184702077187239e+03
5.149458263226503298e-04 2.072863520538055582e+03
5.276972720822156303e-04 2.121639497915462471e+03
5.407644779871157098e-04 2.171536286375919644e+03
5.541552631091063025e-04 2.222577984320528685e+03
5.678776401412212243e-04 2.274789124439637817e+03
5.819398201923586507e-04 2.328194602435346496e+03
5.963502177005901338e-04 2.382819737732553222e+03
6.111174554681399803e-04 2.438690306499732742e+03
6.262503698210432172e-04 2.495832528267420003e+03
6.417580158965690857e-04 2.554272973887607804e+03
6.576496730615771259e-04 2.614038631117827663e+03
6.739348504650468589e-04 2.675156948175074831e+03
6.906232927281001329e-04 2.737655829040173103e+03
7.077249857749274686e-04 2.801563581297853034e+03
7.252501628081009684e-04 2.866908950071888285e+03
7.432093104318530669e-04 2.933721146984173629e+03
7.616131749269848582e-04 3.002029833264258741e+03
7.804727686811571826e-04 3.071864968617529485e+03
7.997993767784136081e-04 3.143256882415312703e+03
8.196045637518759464e-04 3.216236354407725230e+03
8.399001805036580056e-04 3.290834602551712123e+03
8.606983713961329418e-04 3.367083155433301272e+03
8.820115815187978868e-04 3.445013897409603032e+03
9.038525641350903320e-04 3.524659142277493629e+03
9.262343883136033408e-04 3.606051618413725464e+03
9.491704467482725387e-04 3.689224301367254157e+03
9.726744637722097410e-04 3.774210452529077884e+03
9.967605035699849368e-04 3.861043723871740440e+03
1.021442978593262640e-03 3.949758134584274103e+03
1.046736658184831874e-03 4.040387767130868724e+03
1.072656677416193409e-03 4.132966801885076165e+03
1.099218546143988871e-03 4.227529729279039202e+03
1.126438158290686770e-03 4.324111335356851669e+03
1.154331801355090335e-03 4.422746493792777983e+03
1.182916166158346849e-03 4.523470157289016242e+03
1.212208356831293455e-03 4.626317508890479075e+03
1.242225901049121397e-03 4.731323940116876656e+03
1.272986760519472741e-03 4.838524715263872167e+03
1.304509341730254908e-03 4.947954914744404959e+03
1.336812506963595609e-03 5.059649715240563637e+03
1.369915585582537733e-03 5.173644373805770556e+03
1.403838385597221171e-03 5.289973909050488146e+03
1.438601205517471386e-03 5.408672994205076975e+03
1.474224846498896476e-03 5.529776242717210152e+03
1.510730624789749076e-03 5.653318191815901628e+03
1.548140384486005900e-03 5.779332937897354896e+03
1.586476510602302702e-03 5.907853951344166489e+03
1.625761942466536760e-03 6.038914438049754608e+03
1.666020187446151744e-03 6.172547327320885415e+03
1.707275335014334051e-03 6.308784818255794562e+03
1.749552071164514524e-03 6.447658063147269786e+03
1.792875693181816181e-03 6.589197674940857723e+03
1.837272124780285750e-03 6.733433730682774694e+03
1.882767931614961424e-03 6.880395358450938147e+03
1.929390337178055236e-03 7.030110356954704002e+03
1.977167239088782353e-03 7.182605686349129428e+03
2.026127225786554346e-03 7.337907475066590450e+03
2.076299593637552510e-03 7.496040616406943627e+03
2.127714364464897232e-03 7.657028298788772190e+03
2.180402303512921514e-03 7.820892521354903693e+03
2.234394937856278972e-03 7.987654111035234564e+03
2.289724575264912888e-03 8.157332181941012095e+03
2.346424323536180218e-03 8.329943347567965247e+03
2.404528110305683818e-03 8.505502535541445468e+03
2.464070703348668432e-03 8.684023067895066561e+03
2.525087731384152104e-03 8.865516323484089298e+03
2.587615705394208029e-03 9.049991162416132283e+03
2.651692040471170884e-03 9.237454388821559405e+03
2.717355078205849206e-03 9.427910783639648798e+03
2.784644109630118967e-03 9.621362529859341521e+03
2.853599398727643850e-03 9.817807960407541032e+03
2.924262206526778273e-03 1.001724261819762069e+04
2.996674815790085177e-03 1.021965946652352250e+04
3.070880556315227182e-03 1.042504851758168479e+04
3.146923830862367877e-03 1.063339592518442805e+04
3.224850141723623748e-03 1.084468460846426024e+04
3.304706117950432544e-03 1.105889438775979579e+04
3.386539543255146206e-03 1.127600145024892481e+04
3.470399384603551577e-03 1.149597668406855155e+04
3.556335821515411999e-03 1.171878683255418946e+04
3.644400276090560033e-03 1.194439490295819633e+04
3.734645443778540370e-03 1.217275958446018922e+04
3.827125324910177120e-03 1.240383304664798561e+04
3.921895257009934063e-03 1.263756234257500910e+04
4.019011947908451669e-03 1.287389008153975919e+04
4.118533509675008537e-03 1.311275403001321138e+04
4.220519493390249496e-03 1.335408543613814436e+04
4.325030924779992708e-03 1.359780992960275216e+04
4.432130340731407769e-03 1.384384808584634084e+04
4.541881826713449651e-03 1.409211487891497200e+04
4.654351055123903853e-03 1.434251665076548488e+04
4.769605324586030475e-03 1.459495264270579537e+04
4.887713600218283189e-03 1.484931631398084392e+04
5.008746554901213205e-03 1.510549499005714279e+04
5.132776611566269333e-03 1.536336758043315967e+04
5.259877986531768211e-03 1.562280553755444271e+04
5.390126733911977490e-03 1.588367399601503712e+04
5.523600791125905275e-03 1.614583129555754931e+04
5.660380025532984159e-03 1.640912469867628170e+04
5.800546282223619649e-03 1.667339192675142112e+04
5.944183432993106232e-03 1.693846373667367880e+04
6.091377426528311184e-03 1.720416354841913562e+04
6.242216339837125538e-03 1.747030263887920955e+04
6.396790430951388579e-03 1.773668145567518877e+04
6.555192192934936740e-03 1.800309298421797939e+04
6.717516409229028033e-03 1.826932253760485764e+04
6.883860210368226637e-03 1.853514278631014167e+04
7.054323132100772525e-03 1.880031465488477625e+04
7.229007174948164430e-03 1.906459138390089356e+04
7.408016865239554390e-03 1.932771840268975575e+04
7.591459317657565237e-03 1.958942613352842818e+04
7.779444299332909964e-03 1.984943045630398774e+04
7.972084295526113071e-03 2.010743942390605298e+04
8.169494576935778032e-03 2.036315347271395876e+04
8.371793268673478200e-03 2.061625807347042064e+04
8.579101420946750114e-03 2.086642330476581628e+04
8.791543081492358622e-03 2.111331183217563012e+04
9.009245369803152437e-03 2.135657943049581445e+04
9.232338553193043112e-03 2.159586583848480586e+04
9.460956124745557166e-03 2.183079283402545116e+04
9.695234883192533487e-03 2.206097557804720418e+04
9.935315014770901634e-03 2.228602368691871015e+04
1.018134017710646023e-02 2.250553002678346820e+04
1.043345758517476643e-02 2.271906635232103145e+04
1.069181809939072011e-02 2.292619916986736644e+04
1.095657631587949356e-02 2.312649170433777545e+04
1.122789065898271987e-02 2.331949409475700304e+04
1.150592347605547579e-02 2.350473763044983207e+04
1.179084113461069915e-02 2.368175130638968403e+04
1.208281412186904685e-02 2.385006446636622422e+04
1.238201714677400651e-02 2.400919396509721628e+04
1.268862924453314188e-02 2.415863329004749903e+04
1.300283388374799155e-02 2.429787693545038201e+04
1.332481907619687510e-02 2.442642477059493467e+04
1.365477748933621727e-02 2.454377225763739989e+04
1.399290656158761782e-02 2.464939910011010943e+04
1.433940862047982517e-02 2.474279227112585431e+04
1.469449100371624656e-02 2.482345117244463836e+04
1.505836618324029111e-02 2.489087819257258525e+04
1.543125189237301402e-02 2.494456389676769686e+04
1.581337125609904790e-02 2.498401342801663486e+04
1.620495292457861669e-02 2.500875327796708370e+04
1.660623120996587362e-02 2.501832626051105035e+04
1.701744622661503434e-02 2.501228003976830951e+04
1.743884403475851400e-02 2.499018758832625099e+04
1.787067678774293192e-02 2.495165374831176814e+04
1.831320288291094986e-02 2.489631611896861796e+04
1.876668711621946872e-02 2.482384350426207675e+04
1.923140084068661673e-02 2.473394339099150602e+04
1.970762212876212352e-02 2.462636577380253948e+04
2.019563593871862364e-02 2.450091136428784739e+04
2.069573428516322325e-02 2.435745039603471014e+04
2.120821641377122757e-02 2.419590718919463689e+04
2.173338898034694877e-02 2.401625632821732142e+04
2.227156623431849822e-02 2.381854064315577125e+04
2.282307020677625323e-02 2.360293020727908515e+04
2.338823090316784550e-02 2.336966680360850296e+04
2.396738650076477711e-02 2.311904198310669744e+04
2.456088355101867030e-02 2.285142234950427155e+04
2.516907718692858870e-02 2.256735804500216545e+04
2.579233133554333438e-02 2.226748373854939564e+04
2.643101893572566766e-02 2.195246913850201236e+04
2.708552216130918552e-02 2.162305155123171062e+04
2.775623264978111307e-02 2.128021518616799585e+04
2.844355173662774239e-02 2.092503850055127987e+04
2.914789069548306966e-02 2.055859992209881602e+04
2.986967098422418920e-02 2.018201332286518664e+04
3.060932449716043113e-02 1.979667657086124018e+04
3.136729382346760409e-02 1.940407955926121940e+04
3.214403251202178208e-02 1.900565726928115691e+04
3.294000534279084569e-02 1.860281798315694687e+04
3.375568860494666812e-02 1.819719561007530501e+04
3.459157038186404243e-02 1.779047865354572059e+04
3.544815084317679693e-02 1.738424513069451496e+04
3.632594254406618789e-02 1.697999585154287342e+04
3.722547073196050271e-02 1.657948931912361877e+04
3.814727366082908827e-02 1.618455578059131039e+04
3.909190291325957689e-02 1.579686131315169405e+04
4.005992373051017047e-02 1.541788938865581804e+04
4.105191535073518527e-02 1.504869698759506173e+04
4.206847135558603595e-02 1.469003727151975363e+04
4.311020002539465296e-02 1.434257030971444146e+04
4.417772470315247529e-02 1.400691104606146109e+04
4.527168416750261548e-02 1.368417373331796989e+04
4.639273301496795593e-02 1.337580474499480079e+04
4.754154205164453501e-02 1.308311386665302052e+04
4.871879869459440349e-02 1.280710292608044438e+04
4.992520738317762774e-02 1.254679560428387595e+04
5.116149000057036017e-02 1.230015417477368283e+04
5.242838630572085185e-02 1.206527416214880577e+04
5.372665437600143701e-02 1.184058147843382176e+04
5.505707106082222135e-02 1.162513448293284455e+04
5.642043244647745176e-02 1.141813845837383633e+04
5.781755433250222037e-02 1.121862022264114421e+04
5.924927271982568383e-02 1.102428827738592918e+04
6.071644431101201611e-02 1.083248457030287500e+04
6.221994702288843881e-02 1.064072094702299910e+04
6.376068051186764563e-02 1.044663141598469156e+04
6.533956671227865443e-02 1.024801087207189448e+04
6.695755038802765624e-02 1.004281805657338737e+04
6.861559969792013769e-02 9.829109517128732477e+03
7.031470677498162514e-02 9.605156090264170416e+03
7.205588832012370382e-02 9.369919994837428021e+03
7.384018621051118003e-02 9.123194258935816833e+03
7.566866812299412326e-02 8.865141860948830072e+03
7.754242817297717083e-02 8.596915241424178021e+03
7.946258756910981602e-02 8.320036961276391594e+03
8.143029528418770091e-02 8.036802743253674635e+03
8.344672874266782781e-02 7.750037927850339656e+03
8.551309452520861054e-02 7.462723873419532538e+03
8.763062909065545691e-02 7.178081020153871577e+03
8.980059951590542433e-02 6.899220708763875336e+03
9.202430425409288683e-02 6.629294725983650096e+03
9.430307391154919838e-02 6.371227037558080156e+03
9.663827204400270154e-02 6.127845418245118708e+03
9.903129597249481220e-02 5.901442509818998587e+03
1.014835776194995959e-01 5.693429207874003623e+03
1.039965843657487538e-01 5.504688076258315959e+03
1.065718199282737755e-01 5.334661885225942569e+03
1.092108252601901863e-01 5.181992541204496774e+03
1.119151794727634153e-01 5.043999706596351643e+03
1.146865007803077319e-01 4.917129929036408612e+03
1.175264474684825922e-01 4.797924605513509050e+03
1.204367188865671096e-01 4.683041691293360600e+03
1.234190564643065369e-01 4.569128905815851795e+03
1.264752447539369828e-01 4.453073565034518651e+03
1.296071124980150702e-01 4.332758598045515100e+03
1.328165337236894561e-01 4.206786627579429478e+03
1.361054288640687060e-01 4.074585258529162274e+03
1.394757659073581346e-01 3.936862790734035116e+03
1.429295615744525794e-01 3.795646291819557973e+03
1.464688825256882376e-01 3.653817444582609824e+03
1.500958465974781830e-01 3.514250284631130853e+03
1.538126240695701363e-01 3.379429173351273221e+03
1.576214389636842184e-01 3.252022811436259872e+03
1.615245703743088956e-01 3.134177554108041022e+03
1.655243538324518981e-01 3.026840976632761340e+03
1.696231827031594863e-01 2.929225822059791881e+03
1.738235096176433125e-01 2.840231543337526546e+03
1.781278479408709425e-01 2.757842964502387531e+03
1.825387732754961134e-01 2.679029321828185402e+03
1.870589250030327833e-01 2.602095723078417450e+03
1.916910078631903214e-01 2.525063390672076821e+03
1.964377935723190527e-01 2.447221861459888714e+03
2.013021224819327437e-01 2.368579900085539975e+03
2.062869052782990431e-01 2.289299066394475176e+03
2.113951247241182274e-01 2.210759116924156842e+03
2.166298374433299756e-01 2.134893071054383199e+03
2.219941757501159019e-01 2.062434418407844078e+03
2.274913495231941085e-01 1.994276755783841963e+03
2.331246481265268067e-01 1.930902074775494611e+03
2.388974423775877542e-01 1.871024086919790079e+03
2.448131865643712046e-01 1.814179297234077694e+03
2.508754205123476799e-01 1.759664496561188798e+03
2.570877717026008313e-01 1.706638600093758441e+03
2.634539574424171748e-01 1.654064318318514779e+03
2.699777870896254428e-01 1.602648437808095423e+03
2.766631643320149325e-01 1.552059472357138930e+03
2.835140895231997860e-01 1.503664605155343907e+03
2.905346620763259446e-01 1.457373725595229644e+03
2.977290829170508579e-01 1.412686004294773511e+03
3.051016569972672121e-01 1.370763798343303733e+03
3.126567958710723683e-01 1.330473272670113829e+03
3.203990203345278842e-01 1.291493426341278109e+03
3.283329631307819185e-01 1.253908064682433178e+03
3.364633717221826026e-01 1.216804810767898744e+03
3.447951111310339489e-01 1.181394352877894107e+03
3.533331668506971002e-01 1.147146018672317496e+03
3.620826478287773598e-01 1.114139250371443495e+03
3.710487895241867395e-01 1.082729501586982906e+03
3.802369570399004584e-01 1.052524887697764370e+03
3.896526483332959367e-01 1.023488515587610664e+03
3.993014975059852034e-01 9.951801403486527988e+02
4.091892781751125252e-01 9.677794633662938395e+02
4.193219069281341471e-01 9.414148784183760199e+02
4.297054468631513746e-01 9.159941571829982649e+02
4.403461112169044234e-01 8.917026194905979537e+02
4.512502670826125106e-01 8.682496597639844822e+02
4.624244392198734177e-01 8.455930783761849625e+02
4.738753139589088614e-01 8.235827477692926095e+02
4.856097432014862547e-01 8.022932384742553040e+02
4.976347485209204335e-01 7.818176031209607117e+02
5.099575253635928451e-01 7.620774837519999210e+02
5.225854473545203938e-01 7.430514900259499882e+02
5.355260707095375050e-01 7.245949503546703454e+02
5.487871387567367920e-01 7.067164261623235006e+02
5.623765865698715505e-01 6.894237022027101602e+02
5.763025457164986376e-01 6.727056640017339078e+02
5.905733491236884181e-01 6.565400083581658919e+02
6.051975360642330992e-01 6.408461707655754935e+02
6.201838572663210813e-01 6.256007529298234431e+02
6.355412801497409836e-01 6.108445585761816119e+02
6.512789941917546122e-01 5.965039145089799604e+02
6.674064164258306509e-01 5.826328667921520719e+02
6.839331970765540891e-01 5.690949647554957664e+02
7.008692253340655931e-01 5.559128126661663600e+02
7.182246352714913851e-01 5.431127919608604770e+02
7.360098119089054647e-01 5.306515516079929284e+02
7.542353974274565998e-01 5.184942913321698370e+02
7.729122975373615700e-01 5.066342558404279544e+02
7.920516880035997076e-01 4.950633447500592297e+02
8.116650213331955133e-01 4.837630084070160592e+02
8.317640336280963664e-01 4.727154245480842292e+02
8.523607516077461588e-01 4.619066922094601182e+02
8.734674998055627082e-01 4.513242840413695376e+02
8.950969079436048581e-01 4.409566020727133946e+02
9.172619184898718192e-01 4.307925322442990819e+02
9.399757944027333778e-01 4.208207163347336177e+02
9.632521270671347002e-01 4.110308039698330731e+02
9.871048444273210487e-01 4.014148332856559591e+02
1.011548219320960396e+00 3.919652215478278094e+02
1.036596878019621970e+00 3.826723856716719183e+02
1.062265808980759951e+00 3.735271988845673832e+02
1.088570371816408588e+00 3.645233285594451331e+02
1.115526306483970442e+00 3.556554937445683322e+02
1.143149742704589800e+00 3.469181645435511427e+02
1.171457209614760409e+00 3.383062568677420359e+02
1.200465645656914271e+00 3.298164587027604284e+02
1.230192408714946506e+00 3.214461799225362029e+02
1.260655286500713901e+00 3.131920348316737659e+02
1.291872507197731501e+00 3.050506215594580794e+02
1.323862750368445473e+00 2.970198093234261592e+02
1.356645158131578377e+00 2.890982401155957291e+02
1.390239346616277016e+00 2.812850342804100023e+02
1.424665417699886083e+00 2.735796787923268880e+02
1.459943971036380628e+00 2.659822064879858203e+02
1.496096116382655161e+00 2.584930441311268510e+02
1.533143486230054808e+00 2.511131814802118072e+02
1.571108248748674496e+00 2.438439568059528142e+02
1.610013121052216833e+00 2.366864061105993642e+02
1.649881382791312134e+00 2.296413541782837910e+02
1.690736890083448962e+00 2.227102087404396684e+02
1.732604089787841861e+00 2.158948517202744881e+02
1.775508034133801649e+00 2.091971517050057798e+02
1.819474395711309089e+00 2.026189445859007776e+02
1.864529482832830931e+00 1.961623600972430665e+02
1.910700255275516346e+00 1.898298313596559126e+02
1.958014340413217758e+00 1.836233333672640526e+02
2.006500049747979464e+00 1.775443300264319930e+02
2.056186395850910564e+00 1.715942949588761621e+02
2.107103109722519463e+00 1.657748275327388967e+02
2.159280658582976464e+00 1.600871849792420960e+02
2.212750264102893549e+00 1.545322339569581231e+02
2.267543921085547254e+00 1.491110525148959880e+02
2.323694416611723046e+00 1.438253071304471575e+02
2.381235349658656908e+00 1.386756781249172832e+02
2.440201151204754115e+00 1.336611552077391423e+02
2.500627104832195524e+00 1.287809563534025870e+02
2.562549367839698888e+00 1.240353778969762288e+02
2.626004992878089528e+00 1.194243305135670852e+02
2.691031950121650862e+00 1.149468068543802417e+02
2.757669149988446033e+00 1.106015547771520460e+02
2.825956466423305002e+00 1.063873188787357691e+02
2.895934760757342463e+00 1.023026739519780932e+02
2.967645906158295599e+00 9.834597393139233645e+01
3.041132812686325515e+00 9.451538805021642986e+01
3.116439452970281909e+00 9.080887072056707154e+01
3.193610888519740065e+00 8.722421134135556997e+01
3.272693296688636178e+00 8.375894862572293675e+01
3.353733998306578812e+00 8.041053746784952239e+01
3.436781485994385044e+00 7.717646677681328526e+01
3.521885453180778836e+00 7.405419327281367714e+01
3.609096823837658619e+00 7.104105862076698941e+01
3.698467782951618599e+00 6.813437643973036018e+01
3.790051807750101087e+00 6.533156259430998603e+01
3.883903699700745449e+00 6.263003141182683464e+01
3.980079617303151629e+00 6.002696070985805221e+01
4.078637109692633267e+00 5.751946450670455846e+01
4.179635151076134925e+00 5.510480724254949791e+01
4.283134176020803707e+00 5.278033729028856413e+01
4.389196115616465832e+00 5.054339993622207317e+01
4.497884434533552245e+00 4.839135721875776142e+01
4.609264168998692845e+00 4.632161406743635013e+01
4.723401965710661621e+00 4.433161865303331695e+01
4.840366121720047765e+00 4.241885875516030069e+01
4.960226625296357383e+00 4.058086200829291812e+01
5.083055197807184733e+00 3.881515599983238474e+01
5.208925336634378844e+00 3.711928571483842632e+01
5.337912359152942265e+00 3.549087475727294105e+01
5.470093447798954678e+00 3.392762176133977192e+01
5.605547696253546874e+00 3.242726238963487617e+01
5.744356156770417776e+00 3.098757159275010054e+01
5.886601888675405903e+00 2.960641651083275150e+01
6.032370008066994416e+00 2.828175592459564669e+01
6.181747738747530363e+00 2.701154768876254053e+01
6.334824464415690137e+00 2.579373802241563141e+01
6.491691782151270296e+00 2.462636516368455020e+01
6.652443557224502868e+00 2.350757117343013647e+01
6.817175979262563246e+00 2.243555312161132775e+01
6.985987619806887317e+00 2.140855553641930697e+01
7.158979491295795583e+00 2.042488552857661688e+01
7.336255107507709816e+00 1.948291752956159328e+01
7.517920545500997420e+00 1.858108733963787884e+01
7.704084509087748778e+00 1.771789871341073663e+01
7.894858393879251146e+00 1.689188606872014731e+01
8.090356353942189216e+00 1.610159248580903224e+01
8.290695370105421347e+00 1.534561697308327233e+01
8.495995319958282721e+00 1.462263687016635494e+01
8.706379049582087859e+00 1.393136734095050144e+01
8.921972447058045930e+00 1.327053818840942867e+01
9.142904517795354735e+00 1.263892375329712259e+01
9.369307461724655894e+00 1.203535919760320816e+01
9.601316752402951238e+00 1.145871678002586158e+01
9.839071218077487302e+00 1.090788309797466660e+01
1.008271312475682535e+01 1.038178264899614334e+01
1.033238826133913157e+01 9.879390040627976433e+00
1.058824602684840244e+01 9.399722562606056542e+00
1.085043951983089627e+01 8.941842741352148849e+00
1.111912562996526432e+01 8.504849738891454791e+00
1.139446513194126176e+01 8.087875254016346105e+00
1.167662278166298506e+01 7.690083429543156157e+00
1.196576741483453610e+01 7.310676214478947443e+00
1.226207204798683215e+01 6.948884422252825210e+00
1.256571398200615874e+01 6.603947675810253770e+00
1.287687490822630387e+01 6.275127413362927342e+00
1.319574101714797543e+01 5.961721741175898259e+00
1.352250310985014359e+01 5.663060191671855037e+00
1.385735671216047926e+01 5.378498066142793022e+00
1.420050219165282179e+01 5.107416351478994976e+00
1.455214487754184560e+01 4.849226761365566851e+00
1.491249518354674919e+01 4.603367674481381400e+00
1.528176873379712397e+01 4.369296580239547367e+00
1.566018649185686762e+01 4.146490109489971765e+00
1.604797489294291779e+01 3.934442003951452715e+00
1.644536597941812417e+01 3.732663770513221735e+00
1.685259753963926599e+01 3.540689173616807128e+00
1.726991325024345869e+01 3.358073174920160220e+00
1.769756282195762864e+01 3.184389422103719003e+00
1.813580214901899623e+01 3.019229559294423826e+00
1.858489346229537276e+01 2.862205425014492377e+00
1.904510548619723664e+01 2.712948378850174702e+00
1.951671359947528117e+01 2.571099624000102501e+00
1.999999999999997158e+01 2.436308711213825529e+00
